%nprocshared=24
%mem=50GB
#p 6-311+g(2d,p) nosymm counterpoise=2 em=gd3 m062x

Title Card Required

0 1 0 1 0 1
 P(Fragment=1)     15.18329100   10.27621900    5.69556300
 O(Fragment=1)     14.26440600    9.17080900    5.93726900
 O(Fragment=1)     15.10375000   10.93209500    4.23317500
 H(Fragment=1)     14.17666700   10.74921200    3.82926700
 O(Fragment=1)     14.88647000   11.48217000    6.69487700
 H(Fragment=1)     15.62382300   12.18763900    6.58644600
 O(Fragment=1)     16.73648100   10.05642600    5.88207400
 H(Fragment=1)     17.15054600    9.71125800    4.96464600
 O(Fragment=2)     12.39699300   10.15197000    3.36215800
 H(Fragment=2)     12.54636500    9.22605800    3.58657900
 H(Fragment=2)     11.90462400   10.50087800    4.11079700

