%nprocshared=24
%mem=50GB
#p 6-311+g(2d,p) nosymm counterpoise=2 em=gd3 m062x

Title Card Required

0 1 0 1 0 1
 C(Fragment=1)     18.47173300    9.64128000    1.23101300
 C(Fragment=1)     17.62885200    9.97707400    2.29018100
 C(Fragment=1)     19.23475500    8.73238100    3.14053000
 N(Fragment=1)     19.48887400    8.85254600    1.77494600
 H(Fragment=1)     20.24662600    8.45616400    1.26782800
 H(Fragment=1)     18.42561400    9.89053400    0.19287400
 H(Fragment=1)     16.72906000   10.57078500    2.30022900
 H(Fragment=1)     19.85361200    8.17688000    3.82365900
 N(Fragment=1)     18.11747400    9.40763300    3.45588900
 O(Fragment=2)     12.39699300   10.15197000    3.36215800
 H(Fragment=2)     12.54636500    9.22605800    3.58657900
 H(Fragment=2)     11.90462400   10.50087800    4.11079700

